6856 2.169 117551 1247.51  541.446 40.2211 805.568
6857 2.219 113747 1284.79  539.986 40.2206 829.634
6858 2.269 110666 1350.35  538.191 40.2189 871.935
6859 2.319 106326 1384.9  536.708 40.2173 894.214
6860 2.369 101710 1411.34  535.241 40.2171 911.284
6861 2.419 98245 1432.25  533.811 40.2135 924.715
6862 2.469 95303 1458.78  532.356 40.2107 941.789
6863 2.519 92225 1492.55  530.915 40.2048 963.475
6864 2.569 89687 1517.13  529.531 40.1992 979.225
6865 2.619 87262 1546  528.069 40.1929 997.73
6866 2.669 85023 1571.47  526.656 40.1876 1014.06
6867 2.719 82256 1594.25  525.251 40.1797 1028.59
6868 2.769 80691 1620.71  523.851 40.1754 1045.57
6869 2.819 76235 1651.87  522.458 40.1717 1065.59
6870 2.869 75112 1674  521.075 40.166 1079.74
6871 2.919 68931 1700.08  519.694 40.1549 1096.31
6872 2.969 67275 1726.79  518.325 40.1463 1113.33
6873 3.019 63705 1751.77  516.981 40.1417 1129.33
6874 3.069 66250 1778.88  515.591 40.1282 1146.49
6875 3.11899 66920 1803.04  514.234 40.1253 1161.99
6876 3.169 65662 1828.49  512.883 40.1127 1178.08
6877 3.21899 66012 1855.05  511.551 40.1049 1195
6878 3.26899 59911 1880.83  510.212 40.0979 1211.43
6879 3.31899 60091 1903.82  508.879 40.0846 1225.91
6880 3.36899 53782 1932.53  507.546 40.0745 1244.13
6881 3.41899 57034 1955.91  506.224 40.0612 1258.83
6882 3.46899 59288 1991.12  504.912 40.0541 1281.31
6883 3.51899 54527 2007.22  503.611 40.0392 1291.27
6884 3.56899 56366 2033.25  502.31 40.0318 1307.81
6885 3.61899 32241 2064.5  501.026 40.0082 1327.26
6886 3.66899 33449 2080.6  499.75 39.987 1337.02
6887 3.71899 35779 2106.78  498.444 39.9811 1353.68
6888 3.76899 32451 2128.96  497.179 39.9702 1367.62
6889 3.81899 32890 2164.11  495.909 39.9556 1389.78
6890 3.86899 31576 2173.82  494.639 39.9492 1395.83
6891 3.91899 31536 2206.12  493.385 39.9322 1416.06
6892 3.96899 34512 2239.81  492.142 39.9243 1437.45
6893 4.01899 30470 2250.31  490.872 39.9158 1443.94
6894 4.06899 30811 2285.78  489.634 39.8973 1466.13
6895 4.11899 34325 2298.62  488.416 39.8878 1474.07
6896 4.16899 30337 2323.27  487.165 39.8758 1489.51
6897 4.21899 29664 2358.47  485.939 39.8591 1511.55
6898 4.26899 33387 2376.83  484.718 39.8487 1522.99
6899 4.31899 29158 2402.58  483.494 39.838 1539.14
6900 4.36899 28925 2428.3  482.29 39.8213 1555.07
6901 4.41899 31996 2449.34  481.079 39.8047 1568
6902 4.46899 27204 2474.6  479.875 39.7967 1583.91
6903 4.51899 27254 2502.24  478.686 39.7885 1601.32
6904 4.56899 30443 2521.49  477.485 39.7701 1613.02
6905 4.61899 26378 2555.99  476.306 39.7551 1634.58
6906 4.66899 26443 2573.48  475.123 39.7328 1644.99
6907 4.71899 30842 2592.95  473.933 39.7223 1657.07
6908 4.76899 26450 2627.95  472.762 39.71 1679
6909 4.81899 26868 2644.88  471.605 39.6895 1689.09
6910 4.86899 30939 2664.05  470.428 39.6794 1700.97
6911 4.91899 26010 2682.47  469.281 39.6616 1712.09
6912 4.96899 26342 2700.08  468.118 39.6382 1722.48
6913 5.01899 29083 2734.81  466.965 39.6242 1744.12
6914 5.06899 27680 2753.84  465.826 39.6076 1755.65
6915 5.11899 24130 2780.89  464.68 39.5945 1772.4
6916 5.16899 24615 2807.61  463.558 39.5747 1788.68
6917 5.21899 28750 2826.86  462.42 39.5604 1800.4
6918 5.26899 24108 2861.52  461.304 39.5403 1821.7
6919 5.31899 24260 2862.19  460.18 39.5129 1821.07
6920 5.36899 17169 2896.68  459.048 39.4951 1842.32
6921 5.41899 17265 2915.88  457.955 39.4782 1853.87
6922 5.46899 15168 2942.54  456.836 39.462 1870.18
6923 5.51899 16146 2969.41  455.717 39.4378 1886.29
6924 5.56899 18244 2987.74  454.626 39.4214 1897.27
6925 5.61899 16643 3006.15  453.531 39.4065 1908.36
6926 5.66899 14971 3032.9  452.437 39.3921 1924.75
6927 5.71899 16349 3059.75  451.353 39.3754 1941.1
6928 5.76899 18814 3077.99  450.277 39.359 1951.99
6929 5.81899 16842 3096.16  449.206 39.3386 1962.66
6930 5.86899 15117 3122.9  448.12 39.3243 1979.01
6931 5.91899 16591 3149.71  447.062 39.305 1995.18
6932 5.96899 18392 3167.71  445.98 39.2872 2005.82
6933 6.01899 17010 3185.88  444.929 39.2725 2016.69
6934 6.06899 15101 3212.59  443.877 39.2554 2032.85
6935 6.11899 16371 3229.79  442.825 39.2324 2042.74
6936 6.16899 17191 3256.81  441.761 39.2153 2059.07
6937 6.21899 17597 3277.73  440.725 39.1975 2071.51
6938 6.26899 14745 3311.57  439.663 39.182 2092.2
6939 6.31899 15370 3311.87  438.65 39.1672 2091.73
6940 6.36899 15717 3348.07  437.623 39.1425 2113.47
6941 6.41899 17615 3366.1  436.565 39.1228 2123.96
6942 6.46899 16507 3383.98  435.549 39.0993 2134.16
6943 6.51899 14831 3419.92  434.54 39.0805 2155.96
6944 6.56899 15624 3420.41  433.51 39.0617 2155.4
6945 6.61899 15462 3453.7  432.495 39.0463 2175.65
6946 6.66899 17643 3474.41  431.489 39.016 2187.27
6947 6.71899 16114 3491.98  430.48 38.9965 2197.41
6948 6.76899 14527 3528.01  429.488 38.98 2219.29
6949 6.81899 10033 3528.5  428.479 38.9654 2218.9
6950 6.86899 9954 3563.74  427.495 38.9402 2239.85
6951 6.91899 11453 3581.8  426.51 38.9207 2250.24
6952 6.96899 11132 3599.59  425.518 38.8965 2260.24
6953 7.01899 9527 3635.54  424.545 38.8784 2281.92
6954 7.06899 9403 3645.13  423.554 38.86 2287.03
6955 7.11899 10304 3670.89  422.594 38.8388 2302.13
6956 7.16899 10567 3688.31  421.629 38.8242 2312.32
6957 7.21899 11483 3708.44  420.66 38.7998 2323.71
6958 7.26899 10697 3725.98  419.692 38.7801 2333.7
6959 7.31899 9651 3761.51  418.707 38.7654 2355.21
6960 7.36899 9506 3771.14  417.762 38.7457 2360.23
6961 7.41899 10273 3797.2  416.8 38.7298 2375.71
6962 7.46899 10627 3813.98  415.831 38.7083 2385.1
6963 7.51899 11638 3834.05  414.897 38.6846 2396.4
6964 7.56899 11349 3849.97  413.979 38.663 2405.23
6965 7.61899 9944 3870.54  413.012 38.6439 2417.07
6966 7.66899 9968 3905.78  412.08 38.6212 2437.87
6967 7.71899 10098 3906.19  411.117 38.6028 2437.14
6968 7.76899 10168 3941.3  410.224 38.5777 2457.7
6969 7.81899 11006 3958.25  409.258 38.5606 2467.34
6970 7.86899 11491 3977.9  408.364 38.5363 2478.27
6971 7.91899 10949 3997.69  407.453 38.5169 2489.54
6972 7.96899 9670 4014.4  406.533 38.4984 2498.93
6973 8.01899 9717 4049.65  405.645 38.4742 2519.53
6974 8.06899 8866 4059.07  404.703 38.4449 2523.78
6975 8.11899 6381 4068.8  403.822 38.4188 2528.37
6976 8.16899 6399 4103.3  402.879 38.4151 2549.6
6977 8.21899 7202 4120.47  401.997 38.3969 2559.24
6978 8.26899 7503 4139.79  401.087 38.3674 2569.57
6979 8.31899 7229 4159.17  400.202 38.3461 2580.39
6980 8.36899 6490 4175.98  399.277 38.325 2589.61
6981 8.41899 6713 4204.12  398.415 38.3136 2606.41
6982 8.46899 6549 4229.07  397.544 38.283 2620.11
6983 8.51899 6063 4239.18  396.654 38.2608 2625.07
6984 8.56899 6053 4248.55  395.787 38.2419 2629.78
6985 8.61899 6611 4274.05  394.905 38.2225 2644.43
6986 8.66899 7231 4299.59  394.011 38.2045 2659.17
6987 8.71899 7377 4318.76  393.12 38.1922 2670.3
6988 8.76899 7142 4338  392.295 38.1723 2681.01
6989 8.81899 6595 4357.01  391.42 38.1521 2691.55
6990 8.86899 6839 4374.12  390.562 38.1264 2700.57
6991 8.91899 6862 4392.51  389.698 38.1112 2711.01
6992 8.96899 6688 4420  388.891 38.0906 2726.73
