6664 0.0689999 95887 11.5222 -806.37 21.192 4.16521
6665 0.0939998 53291 66.2646 -787.997 22.8568 25.7391
6666 0.119 39470 85.9152 -770.596 23.9214 34.8371
6667 0.144 37237 105.597 -751.843 24.7815 44.2618
6670 0.219 19749 213.046 -701.063 26.2441 94.2082
6671 0.244 14327 173.335 -684.571 26.4135 77.1072
6672 0.269 7849 185.516 -671.572 26.8201 83.7032
6674 0.318999 10744 226.509 -640.263 26.9077 102.507
6675 0.343999 8468 243.561 -626.308 27.241 111.486
6676 0.368999 8920 261.746 -612.801 27.2424 119.816
6677 0.393999 7822 278.397 -599.529 27.4091 128.157
6678 0.418999 6573 295.288 -586.691 27.4873 136.291
6679 0.443999 5933 310.892 -574.534 27.5917 143.995
6680 0.468999 5513 325.748 -562.834 27.6688 151.264
6681 0.493999 5413 337.764 -551.517 27.747 157.252
6682 0.518999 4855 353.893 -540.429 27.808 165.094
6683 0.543999 4320 368.729 -529.898 27.8438 172.219
6685 0.593999 4297 394.088 -510.055 27.9634 184.791
6686 0.618999 3942 416.239 -500.797 28.0146 195.506
6687 0.643999 3471 421.763 -491.362 28.0496 198.328
6688 0.668999 3727 438.94 -482.276 28.0786 206.601
6689 0.693999 3175 447.94 -473.453 28.1201 211.124
6690 0.718999 2977 459.636 -464.935 28.132 216.72
6691 0.743999 2953 469.97 -456.977 28.1783 221.928
6692 0.768999 2895 483.283 -448.782 28.2205 228.528
6693 0.793999 2743 491.722 -441.253 28.2488 232.733
6694 0.818999 2747 506.255 -433.759 28.2365 239.515
6695 0.843999 2293 516.897 -426.576 28.3004 245.058
6696 0.868999 2394 527.358 -419.432 28.3795 250.659
6697 0.893999 2101 541.188 -412.462 28.3359 256.87
6698 0.918999 2328 553.173 -405.744 28.3071 262.313
6699 0.943998 2177 561.673 -399.299 28.3089 266.359
6700 0.968998 2102 572.346 -393.005 28.3375 271.673
6701 0.993998 1889 580.862 -386.863 28.3518 275.842
6702 1.019 1825 619.938 -380.802 28.3561 294.44
6703 1.044 1798 601.06 -375.111 28.3567 285.479
6704 1.069 1730 610.517 -369.467 28.4103 290.474
6705 1.094 1871 619.511 -364.089 28.3961 294.617
6706 1.119 1586 629.891 -358.388 28.4511 300.085
6707 1.144 1601 638.734 -353.433 28.4328 304.119
6708 1.169 1566 648.193 -348.642 28.4632 308.925
6709 1.194 1697 651.409 -343.215 28.4617 310.442
6710 1.219 1571 666.809 -339.171 28.4073 317.226
6711 1.244 1534 672.108 -334.211 28.5224 320.933
6712 1.269 1523 681.074 -330.116 28.4057 323.995
6713 1.294 1482 691.799 -326.029 28.5109 330.214
6714 1.319 1495 699.141 -322.589 28.4441 333.001
6715 1.344 1321 705.784 -319.454 28.4256 335.965
6716 1.369 1420 707.807 -317.334 28.4535 337.232
6717 1.394 1127 712.607 -315.231 28.4406 339.377
