20599 1.519 954 353.478 -155.749 36.6578 211.039
20600 1.569 2079 352.479 -155.16 37.4429 214.296
20601 1.619 2596 358.996 -154.678 37.6971 219.521
20602 1.669 508 347.245 -154.205 38.7451 217.326
20603 1.719 226 349.591 -126.976 40.1333 225.335
20604 1.769 1512 353.089 -152.944 42.017 236.341
20605 1.819 3615 359.911 -152.462 43.4022 247.301
20606 1.869 15552 360.349 -151.895 44.0383 250.493
20607 1.919 21024 360.868 -151.397 44.078 251.033
20608 1.969 292 351.739 -150.669 31.7892 185.294
20610 2.069 389 362.239 -149.732 34.0144 202.637
20611 2.119 271 347.951 -148.306 35.0802 199.975
20612 2.169 818 361.388 -148.718 36.2758 213.823
20613 2.219 1692 370.211 -148.221 37.5908 225.835
20614 2.269 1582 374.618 -147.645 38.0922 231.113
20615 2.319 1676 374.939 -147.145 38.5513 233.668
20616 2.369 1112 374.613 -146.537 39.6737 239.158
20617 2.419 1024 380.389 -146.04 41.824 253.66
20618 2.469 3849 387.833 -145.61 43.4372 266.658
20619 2.519 11235 397.733 -145.08 44.2611 277.59
20620 2.569 21053 400.852 -144.55 44.3112 280.018
20625 2.819 483 466.048 -141.806 36.153 274.942
20626 2.869 1495 450.771 -141.492 37.4904 274.352
20627 2.919 1280 466.496 -141.035 38.1711 288.3
20628 2.969 1020 477.057 -140.46 38.4864 296.887
20630 3.069 806 490.049 -139.37 41.7916 326.58
20631 3.11899 1970 501.414 -138.948 43.3544 344.225
20632 3.169 7960 509.586 -138.418 44.1253 354.789
20633 3.21899 15363 512.601 -137.951 44.1046 356.755
20639 3.51899 652 556.925 -135.093 37.4044 338.297
20640 3.56899 662 557.139 -134.535 37.895 342.204
20641 3.61899 750 571.162 -134.046 38.6052 356.377
20642 3.66899 360 566.92 -133.469 40.0534 364.814
20643 3.71899 977 578.63 -132.918 42.1702 388.455
20644 3.76899 2351 591.296 -132.526 43.4589 406.713
20645 3.81899 7734 594.932 -132.043 43.7598 411.476
20646 3.86899 6406 607.297 -131.531 43.6485 419.175
20651 4.11899 583 637.916 -129.272 36.4292 378.813
20652 4.16899 757 640.283 -128.755 37.2302 387.384
20653 4.21899 712 653.526 -128.248 37.4499 397.388
20657 4.41899 1226 675.006 -126.414 43.2376 462.396
20658 4.46899 4416 682.589 -125.846 43.2178 467.419
20659 4.51899 3686 687.821 -125.439 43.0711 469.717
20668 4.96899 362 737.979 -121.493 41.0557 484.698
20669 5.01899 1799 748.253 -120.818 42.4569 505.097
20670 5.06899 6046 756.147 -120.352 42.6134 511.948
20671 5.11899 4756 763.75 -119.954 42.4589 515.578
20672 5.16899 778 768.692 -119.572 42.7153 521.447
20682 5.66899 2990 824.639 -115.028 41.9098 550.826
20683 5.71899 2656 834.189 -114.574 41.8502 556.559
20685 5.81899 663 845.425 -113.84 42.8528 574.989
20694 6.26899 1169 895.088 -109.921 41.1346 588.816
20695 6.31899 802 901.043 -109.593 41.1636 593.077
20696 6.36899 801 903.69 -109.078 40.9126 591.832
20697 6.41899 1039 910.873 -108.609 41.6248 605.047
20698 6.46899 771 918.165 -108.193 43.3083 629.791
20705 6.81899 749 954.891 -105.309 39.3266 605.152
20706 6.86899 1372 960.449 -104.937 40.2812 620.969
20707 6.91899 1139 964.605 -104.599 40.3483 624.517
20708 6.96899 555 971.63 -104.114 40.238 627.639
20709 7.01899 773 974.213 -103.779 40.6149 634.185
20710 7.06899 601 981.801 -103.242 41.8804 655.429
20718 7.46899 1230 1017.85 -100.19 39.4286 646.452
20719 7.51899 2169 1027.62 -99.7728 39.5631 654.518
20720 7.56899 566 1029.58 -99.3811 39.4295 653.914
20726 7.86899 262 1066.99 -96.9052 33.1113 582.861
20727 7.91899 262 1066.99 -96.9052 33.1113 582.861
20730 8.06899 488 1081.84 -95.2623 38.4271 672.383
20731 8.11899 398 1086.09 -94.9862 38.5539 676.907
20732 8.16899 611 1090.99 -94.7182 38.6585 681.514
20742 8.66899 385 1136.31 -90.878 37.4929 691.63
20743 8.71899 787 1143.07 -90.5546 37.7872 700.395
20744 8.76899 1181 1146.65 -90.2211 37.6396 700.249
20745 8.81899 383 1153.14 -89.8312 37.6849 704.934
20746 8.86899 452 1155.69 -89.6097 38.7862 723.943
20766 9.86898 343 1243.75 -82.9723 35.3143 718.964
20767 9.91898 457 1246.25 -82.7368 35.9299 731.296
20768 9.96898 681 1251.48 -82.4968 35.6583 729.548
20769 10.019 524 1254.06 -82.2326 35.6643 731.16
20770 10.069 453 1261.64 -82.1226 37.0135 759.514
20779 10.519 288 1298.26 -78.9697 34.8692 742.223
20780 10.569 477 1299.21 -78.2904 34.6027 737.8
20791 11.119 397 1336.83 -76.0632 33.7433 742.57
20792 11.169 381 1348.21 -75.4777 33.6624 747.31
20803 11.719 463 1388.88 -71.805 32.7044 750.422
20804 11.769 230 1390.5 -71.7805 32.4919 746.949
20829 13.019 247 1476.26 -66.1429 30.8536 757.095
