19597 1.519 925 353.238 -156.602 36.6144 210.681
19598 1.569 1605 355.478 -156.085 37.4761 216.284
19599 1.619 1522 351.91 -155.65 37.7324 215.36
19600 1.669 1288 352.38 -154.963 38.7394 220.512
19601 1.719 1049 355.371 -154.509 40.0355 228.597
19602 1.769 2976 359.817 -154.001 42.0259 240.886
19603 1.819 5047 359.437 -153.485 43.4532 247.207
19604 1.869 9449 360.882 -152.903 43.9174 250.315
19605 1.919 15097 361.063 -152.369 43.9427 250.555
19606 1.969 410 353.371 -151.835 31.9133 186.805
19607 2.019 229 356.441 -151.506 33.1379 194.85
19608 2.069 406 359.666 -150.832 34.0266 201.261
19610 2.169 707 362.081 -149.568 36.2786 214.248
19611 2.219 1913 371.78 -149.152 37.453 226.083
19612 2.269 2598 377.419 -148.752 38.1536 233.159
19613 2.319 1809 383.279 -148.205 38.6101 239.173
19614 2.369 1207 376.849 -147.72 39.854 241.498
19615 2.419 1519 384.786 -147.185 41.8051 256.498
19616 2.469 4060 393.845 -146.645 43.3722 270.467
19617 2.519 8754 398.83 -146.117 44.1245 277.673
19618 2.569 14672 402.52 -145.602 44.175 280.497
19619 2.619 338 415.15 -145.013 31.7327 218.351
19623 2.819 536 436.664 -143.165 36.4469 259.412
19624 2.869 1225 451.77 -142.53 37.4994 275.016
19625 2.919 1674 470.531 -142.047 38.0428 289.965
19626 2.969 1379 483.522 -141.596 38.6509 301.995
19627 3.019 733 487.946 -141.114 39.885 312.894
19628 3.069 1116 493.89 -140.61 41.8425 329.467
19629 3.11899 2889 497.585 -140.091 43.4256 342.046
19630 3.169 6774 510.19 -139.613 43.9828 354.297
19631 3.21899 9700 514.373 -139.105 43.9736 357.143
19636 3.46899 496 547.929 -136.704 36.1723 323.396
19637 3.51899 992 561.626 -136.262 37.3135 340.444
19638 3.56899 1275 567.699 -135.731 37.8577 348.399
19639 3.61899 827 574.89 -135.09 38.675 359.25
19640 3.66899 352 575.193 -134.57 40.1168 370.624
19641 3.71899 1449 589.314 -134.271 42.1776 395.684
19642 3.76899 2390 593.506 -133.813 43.4035 407.817
19643 3.81899 6131 601.41 -133.332 43.6374 415.028
19644 3.86899 4669 609.541 -132.859 43.5316 419.825
19650 4.16899 752 642.101 -130.034 37.2287 388.47
19651 4.21899 789 656.008 -129.624 37.6043 400.299
19652 4.26899 383 664.943 -129.408 38.6649 415.433
19654 4.36899 1484 673.598 -128.276 42.3772 454.011
19655 4.41899 2891 680.789 -127.832 43.1089 465.242
19656 4.46899 3281 686.227 -127.372 43.0721 468.637
19657 4.51899 762 700.939 -126.966 43.0269 478.28
19666 4.96899 671 751.757 -122.765 41.3046 496.206
19667 5.01899 911 755.022 -122.582 42.5314 510.39
19668 5.06899 2180 763.813 -122.111 42.522 516.241
19669 5.11899 755 770.718 -121.784 42.3262 518.963
19670 5.16899 1005 771.419 -121.217 42.6764 522.911
19679 5.61899 525 827.992 -117.488 41.3391 546.901
19680 5.66899 1028 835.071 -116.974 41.8519 557.166
19692 6.26899 319 901.703 -112.187 41.0851 592.58
19705 6.91899 377 973.158 -107.152 40.3644 630.263
19716 7.46899 614 1032.16 -103.15 39.2968 653.707
19717 7.51899 764 1038.38 -102.89 39.563 661.37
19719 7.61899 616 1047.83 -102.065 39.655 668.688
19720 7.66899 502 1050.41 -101.728 41.1331 690.969
19728 8.06899 640 1095.8 -98.8793 38.4708 681.713
19729 8.11899 999 1099.55 -98.5758 38.5981 685.957
19731 8.21899 779 1110.4 -97.8709 38.5828 692.496
19732 8.26899 542 1112.33 -97.5319 40.0376 715.55
19736 8.46899 239 1132.34 -96.1987 32.0233 600.442
19737 8.51899 270 1138.57 -95.7572 32.6751 614.686
19740 8.66899 417 1153.29 -94.8754 37.3657 699.929
19741 8.71899 757 1157.47 -94.5254 37.7417 708.491
19743 8.81899 685 1168.46 -93.8818 37.541 711.976
19744 8.86899 551 1171.6 -93.7077 38.9886 737.133
19752 9.26899 338 1208.06 -91.2337 36.1863 713.25
19753 9.31898 496 1212.36 -90.8343 36.7632 725.607
19755 9.41899 553 1224.85 -90.1932 36.3485 725.966
19756 9.46898 428 1224.44 -89.9811 37.9885 753.644
19777 10.519 378 1320.46 -83.482 34.6803 751.336
19779 10.619 329 1330.14 -83.2079 34.7752 758.654
19780 10.669 306 1334.24 -83.2682 35.996 784.174
19789 11.119 228 1370.9 -80.4623 33.5986 758.619
