16064 1.469 708 352.767 -151.002 48.0456 262.345
16065 1.519 832 352.171 -150.553 48.8297 265.099
16067 1.619 887 354.281 -149.267 51.1859 276.05
16068 1.669 3445 360.308 -148.581 53.0636 287.995
16069 1.719 2768 359.115 -148.163 54.4729 292.262
16070 1.769 4444 359.998 -147.572 54.8351 294.298
16071 1.819 6137 360.466 -146.846 54.9398 295.059
16072 1.869 762 354.071 -146.416 55.0537 290.228
16073 1.919 9280 359.974 -145.695 55.6015 297.025
16074 1.969 555 359.977 -145.29 45.1097 255.029
16078 2.169 1580 365.993 -142.929 49.2158 277.121
16079 2.219 2349 368.134 -142.304 49.7598 281.012
16080 2.269 1422 363.832 -141.732 50.7836 281.884
16081 2.319 302 357.176 -141.075 51.811 280.732
16082 2.369 282 365.956 -140.379 53.9718 295.959
16083 2.419 1871 384.059 -140.065 55.2152 315.428
16084 2.469 8697 384.12 -139.399 55.635 317.075
16085 2.519 3936 387.663 -138.854 55.5692 319.748
16086 2.569 3545 388.211 -138.267 55.6079 320.348
16090 2.769 383 416.253 -135.915 48.1115 309.877
16091 2.819 1163 413.416 -135.446 49.3673 313.741
16092 2.869 1447 438.353 -134.935 49.9743 335.671
16093 2.919 1008 430.944 -134.316 50.6351 333.172
16095 3.019 473 466.552 -133.129 54.3817 379.267
16096 3.069 2035 463.228 -132.633 55.3727 381.175
16097 3.11899 6158 477.679 -132.024 55.756 394.872
16098 3.169 2875 484.839 -131.549 55.6964 400.507
16099 3.21899 1923 493.362 -130.884 55.6832 407.484
16104 3.46899 606 529.992 -128.08 49.3035 401.827
16105 3.51899 911 531.608 -127.594 49.9497 406.935
16109 3.71899 645 558.151 -125.229 55.2617 458.668
16110 3.76899 3104 564.706 -124.918 55.6031 465.964
16111 3.81899 688 574.315 -124.09 55.4387 472.96
16112 3.86899 1360 575.926 -123.853 55.6492 475.484
16117 4.11899 525 611.938 -120.896 49.1524 462.901
16121 4.31899 723 630.628 -118.733 54.2857 512.03
16122 4.36899 674 639.363 -118.606 55.0866 524.289
16123 4.41899 1853 642.812 -117.892 55.3594 528.863
16125 4.51899 788 657.025 -116.877 55.4834 541.364
16130 4.76899 499 685.081 -114.319 49.0315 517.284
16133 4.91899 394 709.847 -112.884 52.9833 566.785
16134 4.96899 1096 710.341 -112.346 54.3978 577.563
16135 5.01899 2244 718.032 -111.804 54.8981 587.444
16136 5.06899 1396 724.269 -111.279 54.8662 592.315
16137 5.11899 1256 727.391 -110.861 54.7317 593.884
16138 5.16899 1519 730.689 -110.361 55.7128 603.713
16144 5.46899 385 773.902 -107.198 49.6352 589.664
16146 5.56899 420 774.93 -106.423 53.2707 621.083
16147 5.61899 616 784.03 -106.039 54.1203 635.26
16148 5.66899 885 787.554 -105.658 54.4865 641.053
16150 5.76899 1417 797.937 -104.619 54.5261 649.824
16151 5.81899 745 804.107 -104.106 56.0748 667.222
16159 6.21899 465 844.948 -100.121 53.2463 676.986
16163 6.41899 237 865.722 -98.4918 54.8558 707.906
16199 8.21899 332 1031.3 -82.7786 51.6046 808.275
16200 8.26899 357 1029.25 -82.5703 52.7579 819.371
16209 8.71899 485 1074.1 -78.7131 50.9727 834.408
16210 8.76899 602 1071.59 -78.4813 50.9608 832.321
16211 8.81899 534 1082.15 -78.023 50.7807 838.375
16212 8.86899 494 1082.77 -77.5855 51.7032 849.766
16217 9.11899 271 1101.76 -75.4569 45.0684 779.988
16220 9.26899 322 1115.37 -74.5267 49.3929 846.777
16221 9.31898 322 1115.37 -74.5267 49.3929 846.777
16222 9.36898 758 1120.3 -73.7065 50.1959 860.659
16223 9.41899 433 1121.56 -73.4169 49.9456 858.476
16224 9.46898 367 1124.55 -72.9179 50.7121 870.375
16234 9.96898 421 1160.65 -69.2586 49.3995 881.24
16246 10.569 345 1205.25 -64.9434 48.4231 901.607
